image got converted into array

messi noise


102,	98,	121,	151,	152,	134,	122,	118,	126,	130,	134,	137,	137,	135,	135,	135,	142,	145,	147,	143,	121,	93,	90,	110,	131,	128,	125,	125,	123,	123,	115,	103,	83,	59,	39,	36,	37,	38,	40,	39,	46,	40,	36,	36,	37,	37,	42,	47,	54,	57,	67,	81,	104,	134,	143,	123,	93,	73,	77,	86,	83,	87,	90,	79,	75,	70,	67,	63,	54,	42,	41,	48,	65,	84,	105,	112,	110,	101,	97,	102,	97,	105,	119,	137,	152,	163,	167,	168,	166,	127,	99,	42,	51,	46,	47,	46,	46,	47,	47,	47,	
106,	110,	135,	159,	150,	128,	118,	120,	121,	125,	129,	133,	133,	133,	134,	134,	136,	141,	145,	142,	125,	101,	101,	117,	142,	137,	132,	130,	127,	127,	121,	111,	87,	62,	43,	41,	45,	48,	52,	51,	49,	46,	45,	45,	43,	42,	46,	51,	59,	57,	65,	78,	98,	130,	142,	128,	93,	71,	74,	84,	77,	75,	80,	76,	73,	68,	66,	64,	56,	46,	45,	51,	72,	91,	111,	119,	114,	101,	90,	88,	102,	109,	120,	135,	149,	161,	170,	174,	173,	125,	97,	46,	51,	42,	45,	44,	46,	47,	47,	47,	
48,	62,	89,	110,	99,	73,	61,	65,	72,	76,	81,	82,	82,	82,	84,	84,	92,	97,	103,	100,	87,	69,	71,	85,	106,	102,	100,	97,	99,	103,	101,	93,	77,	59,	49,	53,	61,	62,	60,	55,	58,	56,	52,	48,	43,	43,	47,	52,	52,	47,	52,	66,	87,	119,	136,	127,	99,	74,	71,	76,	65,	58,	66,	68,	72,	65,	58,	54,	48,	43,	47,	54,	78,	96,	113,	122,	120,	108,	97,	95,	104,	113,	129,	143,	156,	164,	171,	174,	157,	134,	99,	38,	53,	46,	43,	38,	46,	47,	47,	47,	
41,	64,	96,	120,	117,	91,	71,	70,	68,	70,	73,	74,	73,	72,	73,	74,	74,	79,	83,	79,	66,	50,	49,	61,	70,	66,	64,	63,	64,	69,	68,	60,	50,	36,	32,	44,	61,	75,	80,	78,	67,	59,	49,	40,	37,	39,	43,	48,	43,	34,	34,	44,	59,	81,	92,	81,	65,	53,	57,	61,	52,	50,	55,	55,	56,	56,	59,	62,	61,	55,	52,	54,	68,	81,	91,	93,	89,	79,	74,	74,	78,	88,	104,	119,	130,	137,	142,	146,	146,	114,	102,	56,	44,	47,	92,	106,	46,	47,	47,	47,	
69,	107,	148,	175,	175,	146,	121,	120,	117,	120,	123,	123,	122,	121,	122,	123,	118,	122,	124,	119,	102,	82,	78,	89,	104,	101,	97,	91,	87,	87,	82,	74,	61,	41,	25,	26,	38,	56,	70,	74,	62,	55,	45,	38,	38,	40,	42,	41,	36,	29,	33,	47,	62,	82,	87,	74,	51,	53,	65,	70,	67,	70,	70,	61,	58,	55,	51,	51,	50,	48,	49,	53,	61,	71,	77,	76,	69,	61,	57,	60,	57,	64,	71,	76,	79,	82,	86,	90,	93,	58,	84,	55,	37,	100,	188,	142,	46,	47,	47,	47,	
58,	112,	161,	185,	181,	149,	123,	127,	133,	136,	140,	142,	143,	143,	145,	147,	150,	152,	154,	150,	129,	102,	96,	109,	136,	133,	130,	125,	121,	121,	117,	109,	93,	72,	49,	37,	33,	36,	39,	37,	46,	45,	44,	44,	46,	47,	43,	38,	34,	33,	46,	69,	95,	123,	129,	111,	90,	94,	108,	120,	130,	146,	156,	154,	152,	140,	122,	104,	87,	72,	63,	59,	71,	82,	90,	92,	90,	83,	78,	79,	83,	89,	101,	111,	117,	119,	119,	120,	114,	90,	89,	46,	39,	89,	162,	123,	46,	47,	47,	47,	
58,	117,	165,	184,	182,	150,	123,	128,	126,	130,	135,	140,	141,	142,	143,	143,	148,	148,	153,	151,	129,	98,	92,	110,	128,	126,	124,	121,	120,	123,	123,	118,	104,	91,	79,	70,	59,	51,	41,	31,	36,	42,	49,	50,	50,	48,	43,	37,	40,	40,	53,	76,	106,	136,	140,	119,	110,	113,	136,	173,	206,	228,	244,	248,	246,	244,	244,	240,	231,	215,	198,	187,	171,	170,	164,	155,	142,	122,	102,	92,	108,	115,	128,	142,	155,	165,	170,	172,	172,	137,	105,	58,	45,	50,	130,	162,	46,	47,	47,	47,	
64,	119,	160,	178,	182,	155,	124,	125,	131,	136,	142,	145,	145,	145,	145,	146,	152,	151,	158,	161,	138,	104,	98,	120,	137,	133,	129,	124,	122,	126,	127,	123,	119,	111,	101,	91,	79,	68,	56,	45,	35,	45,	52,	52,	47,	43,	41,	38,	36,	38,	51,	75,	107,	143,	148,	125,	102,	107,	145,	205,	240,	246,	244,	248,	250,	250,	248,	249,	250,	252,	251,	250,	249,	247,	241,	236,	233,	222,	204,	193,	170,	163,	154,	149,	151,	159,	168,	174,	166,	137,	115,	51,	40,	106,	183,	121,	46,	47,	47,	47,	
60,	117,	166,	184,	183,	155,	131,	132,	133,	136,	142,	145,	146,	147,	149,	151,	155,	157,	165,	158,	135,	110,	103,	125,	144,	140,	134,	131,	133,	137,	135,	131,	130,	117,	108,	101,	86,	71,	55,	40,	41,	44,	46,	45,	42,	41,	39,	37,	36,	37,	49,	74,	108,	140,	142,	121,	101,	95,	165,	213,	239,	246,	248,	246,	248,	245,	245,	246,	245,	248,	250,	249,	249,	246,	246,	248,	249,	248,	249,	250,	245,	246,	233,	220,	208,	192,	181,	164,	169,	127,	114,	46,	47,	102,	177,	125,	50,	46,	47,	48,	
61,	118,	166,	184,	183,	154,	130,	132,	136,	139,	144,	147,	148,	149,	151,	153,	158,	159,	166,	158,	134,	110,	107,	132,	154,	152,	148,	146,	147,	147,	143,	138,	126,	110,	101,	92,	80,	70,	61,	49,	52,	54,	55,	54,	52,	50,	45,	43,	38,	38,	49,	74,	106,	136,	135,	112,	92,	95,	170,	217,	239,	245,	246,	239,	234,	222,	212,	208,	209,	217,	226,	229,	237,	239,	243,	244,	243,	244,	246,	247,	247,	250,	248,	248,	243,	235,	222,	200,	145,	128,	119,	52,	28,	62,	174,	158,	50,	46,	47,	48,	
61,	119,	167,	184,	183,	155,	130,	132,	138,	141,	146,	149,	150,	151,	153,	156,	160,	162,	169,	158,	132,	111,	112,	141,	164,	164,	162,	161,	161,	157,	150,	142,	124,	108,	97,	90,	81,	77,	73,	64,	63,	64,	64,	63,	61,	59,	54,	49,	42,	42,	52,	77,	111,	139,	137,	114,	83,	99,	179,	217,	233,	237,	236,	225,	202,	183,	168,	161,	163,	173,	182,	184,	192,	201,	209,	213,	216,	222,	227,	228,	228,	237,	237,	243,	244,	243,	238,	218,	161,	85,	65,	52,	49,	61,	148,	110,	51,	46,	47,	48,	
61,	119,	167,	184,	181,	154,	129,	133,	139,	142,	147,	150,	151,	153,	155,	156,	161,	163,	171,	159,	132,	112,	115,	147,	168,	168,	167,	164,	162,	158,	149,	140,	121,	106,	99,	96,	89,	84,	80,	71,	67,	67,	67,	67,	66,	65,	60,	54,	40,	38,	47,	73,	107,	137,	136,	114,	80,	105,	188,	217,	226,	226,	221,	207,	185,	172,	163,	162,	165,	169,	173,	173,	169,	176,	181,	182,	186,	189,	184,	176,	186,	194,	196,	204,	211,	214,	211,	186,	119,	53,	80,	64,	36,	62,	165,	137,	50,	46,	47,	48,	
60,	119,	166,	183,	180,	152,	129,	133,	139,	143,	147,	150,	152,	153,	154,	157,	161,	163,	173,	161,	135,	113,	117,	149,	166,	165,	163,	161,	158,	154,	147,	138,	120,	109,	109,	109,	101,	92,	80,	68,	66,	66,	67,	66,	68,	69,	64,	59,	51,	46,	50,	75,	109,	137,	135,	113,	73,	109,	195,	222,	228,	222,	208,	191,	179,	173,	174,	182,	187,	189,	191,	191,	196,	197,	197,	199,	207,	209,	196,	178,	161,	173,	178,	186,	189,	189,	177,	142,	75,	50,	105,	48,	35,	100,	166,	122,	51,	46,	47,	48,	
60,	119,	167,	184,	180,	153,	131,	136,	141,	144,	149,	151,	153,	155,	156,	157,	162,	163,	172,	161,	135,	114,	117,	148,	165,	164,	161,	158,	156,	153,	148,	141,	131,	122,	122,	124,	114,	101,	85,	68,	63,	65,	65,	65,	66,	68,	66,	64,	62,	52,	55,	78,	111,	135,	131,	108,	70,	111,	200,	228,	235,	227,	207,	188,	171,	164,	167,	177,	183,	188,	193,	197,	196,	195,	195,	202,	211,	213,	200,	185,	166,	177,	181,	183,	179,	179,	168,	128,	59,	57,	119,	50,	40,	78,	108,	102,	51,	46,	47,	48,	
60,	120,	169,	186,	182,	155,	134,	139,	144,	147,	152,	155,	157,	158,	159,	161,	166,	167,	174,	160,	135,	115,	118,	149,	163,	163,	162,	160,	159,	157,	154,	146,	139,	127,	126,	124,	112,	98,	82,	66,	60,	62,	63,	62,	63,	65,	65,	66,	57,	47,	53,	78,	113,	138,	133,	109,	82,	118,	202,	228,	238,	232,	215,	199,	177,	164,	156,	160,	163,	168,	172,	175,	179,	178,	179,	180,	180,	175,	168,	163,	170,	180,	185,	183,	175,	176,	166,	127,	62,	57,	121,	58,	33,	54,	115,	148,	51,	46,	47,	48,	
61,	120,	170,	187,	184,	158,	136,	142,	147,	150,	155,	157,	160,	159,	161,	163,	172,	169,	173,	160,	135,	116,	120,	151,	163,	164,	164,	162,	161,	160,	156,	149,	136,	122,	116,	111,	98,	84,	71,	56,	57,	60,	60,	59,	59,	61,	64,	66,	60,	53,	64,	97,	136,	162,	158,	135,	100,	129,	202,	224,	236,	233,	222,	212,	186,	163,	146,	142,	140,	139,	139,	138,	135,	138,	142,	143,	138,	134,	137,	143,	156,	172,	185,	189,	180,	177,	162,	117,	65,	48,	101,	49,	41,	99,	169,	136,	51,	46,	47,	48,	
61,	125,	173,	185,	183,	162,	141,	141,	151,	155,	159,	160,	162,	163,	166,	168,	174,	171,	177,	163,	134,	115,	120,	148,	161,	159,	160,	163,	162,	158,	152,	146,	126,	115,	108,	105,	100,	93,	81,	70,	61,	51,	55,	63,	60,	61,	66,	65,	59,	48,	73,	136,	191,	217,	224,	226,	219,	219,	225,	233,	236,	238,	234,	223,	206,	186,	160,	135,	114,	101,	95,	90,	86,	92,	104,	117,	122,	124,	132,	145,	163,	173,	182,	185,	179,	177,	161,	115,	58,	46,	95,	45,	44,	81,	136,	125,	47,	47,	47,	47,	
59,	123,	173,	188,	185,	163,	145,	149,	153,	155,	160,	162,	163,	165,	168,	170,	173,	171,	178,	163,	133,	113,	120,	149,	167,	163,	158,	155,	154,	150,	146,	142,	123,	113,	109,	114,	121,	124,	116,	103,	74,	60,	58,	62,	60,	60,	62,	57,	55,	53,	88,	158,	217,	240,	247,	251,	246,	243,	243,	243,	244,	247,	245,	239,	239,	222,	197,	166,	133,	106,	87,	75,	70,	78,	96,	115,	126,	134,	148,	161,	169,	177,	181,	184,	178,	176,	158,	111,	48,	59,	110,	52,	44,	41,	49,	28,	47,	47,	47,	47,	
66,	125,	174,	190,	186,	161,	144,	152,	152,	154,	157,	158,	157,	160,	161,	163,	161,	161,	170,	157,	129,	111,	119,	149,	161,	155,	147,	142,	142,	142,	143,	143,	133,	123,	119,	124,	136,	146,	138,	121,	97,	78,	67,	68,	67,	72,	75,	70,	57,	59,	95,	161,	215,	234,	242,	250,	251,	250,	249,	247,	245,	247,	247,	244,	236,	229,	217,	196,	166,	138,	115,	101,	93,	98,	110,	126,	136,	147,	160,	173,	179,	182,	182,	183,	178,	176,	155,	106,	48,	73,	113,	47,	53,	48,	53,	51,	47,	47,	47,	47,	
50,	103,	145,	160,	155,	129,	110,	120,	127,	128,	128,	128,	126,	126,	128,	128,	126,	126,	133,	124,	101,	87,	95,	124,	134,	130,	124,	120,	122,	128,	134,	136,	132,	125,	121,	121,	126,	134,	129,	115,	103,	85,	73,	71,	76,	84,	90,	88,	75,	71,	93,	144,	190,	209,	218,	228,	234,	237,	242,	243,	240,	241,	240,	237,	231,	228,	223,	210,	188,	165,	141,	122,	108,	113,	121,	131,	145,	159,	176,	188,	187,	186,	183,	182,	178,	177,	156,	104,	45,	76,	113,	42,	47,	41,	45,	48,	47,	47,	47,	47,	
43,	90,	129,	143,	139,	113,	93,	101,	104,	104,	104,	103,	102,	104,	104,	105,	106,	101,	106,	96,	76,	62,	66,	92,	104,	101,	96,	90,	90,	95,	98,	98,	96,	93,	92,	89,	84,	88,	88,	86,	82,	74,	69,	72,	78,	83,	85,	82,	84,	77,	86,	125,	172,	197,	209,	220,	222,	226,	233,	235,	234,	235,	234,	232,	231,	225,	219,	211,	196,	179,	156,	134,	114,	119,	127,	137,	151,	167,	182,	189,	190,	188,	183,	183,	180,	179,	156,	103,	43,	74,	119,	51,	49,	43,	49,	45,	46,	47,	47,	47,	
65,	115,	155,	168,	167,	144,	124,	130,	127,	127,	127,	127,	128,	130,	131,	132,	136,	129,	130,	118,	94,	76,	78,	100,	114,	114,	107,	97,	91,	89,	87,	84,	82,	78,	77,	75,	65,	60,	63,	66,	69,	71,	75,	84,	93,	92,	83,	75,	72,	69,	74,	107,	160,	195,	210,	218,	219,	219,	222,	224,	221,	224,	226,	225,	222,	216,	211,	206,	199,	190,	173,	152,	128,	134,	142,	150,	164,	181,	190,	192,	190,	188,	183,	184,	181,	179,	154,	99,	45,	72,	117,	46,	40,	37,	48,	43,	46,	47,	47,	47,	
72,	133,	179,	193,	190,	169,	150,	155,	157,	157,	156,	156,	156,	159,	159,	159,	161,	155,	159,	145,	118,	99,	102,	127,	147,	147,	142,	132,	123,	119,	113,	108,	102,	93,	93,	97,	89,	79,	77,	81,	81,	86,	94,	109,	124,	123,	109,	96,	83,	84,	84,	107,	158,	197,	213,	218,	218,	216,	217,	215,	214,	217,	219,	218,	220,	216,	211,	205,	199,	191,	175,	156,	141,	144,	145,	150,	164,	185,	197,	199,	189,	188,	184,	184,	180,	176,	150,	95,	34,	69,	119,	53,	51,	47,	53,	46,	46,	47,	47,	47,	
64,	132,	185,	198,	192,	171,	153,	157,	157,	154,	152,	150,	149,	149,	150,	149,	145,	146,	153,	140,	111,	93,	99,	129,	141,	145,	142,	133,	127,	125,	122,	117,	101,	89,	92,	104,	105,	95,	91,	94,	97,	101,	107,	124,	146,	152,	139,	126,	119,	122,	115,	124,	167,	205,	220,	225,	218,	216,	218,	218,	217,	219,	219,	215,	209,	209,	209,	205,	199,	194,	181,	164,	159,	154,	142,	132,	139,	157,	171,	174,	188,	188,	185,	185,	180,	174,	147,	90,	37,	74,	114,	42,	45,	41,	45,	45,	46,	47,	47,	47,	
66,	140,	183,	196,	195,	172,	158,	156,	158,	157,	156,	157,	157,	157,	152,	150,	144,	141,	147,	134,	107,	97,	107,	132,	143,	139,	133,	128,	123,	118,	110,	106,	84,	75,	75,	85,	93,	94,	87,	78,	83,	79,	87,	112,	133,	140,	141,	141,	136,	126,	121,	119,	159,	209,	218,	227,	223,	221,	219,	218,	219,	219,	217,	216,	212,	210,	206,	203,	201,	196,	186,	175,	164,	171,	136,	95,	96,	112,	118,	123,	146,	158,	177,	179,	175,	176,	144,	88,	34,	73,	116,	45,	52,	48,	41,	48,	47,	47,	47,	47,	
70,	142,	186,	198,	197,	175,	161,	160,	163,	163,	164,	167,	168,	167,	164,	161,	158,	154,	160,	144,	119,	109,	121,	147,	156,	151,	143,	136,	128,	121,	115,	112,	89,	80,	77,	80,	81,	81,	80,	77,	85,	82,	81,	90,	111,	133,	142,	140,	126,	112,	110,	114,	160,	212,	222,	231,	225,	223,	221,	219,	220,	220,	219,	216,	213,	211,	207,	204,	202,	197,	188,	179,	180,	184,	149,	95,	72,	77,	87,	96,	92,	99,	118,	135,	149,	160,	139,	94,	46,	78,	111,	41,	46,	48,	46,	53,	47,	47,	47,	47,	
75,	148,	190,	201,	200,	179,	165,	164,	166,	166,	168,	172,	175,	176,	173,	171,	168,	163,	166,	150,	124,	116,	129,	158,	165,	159,	151,	140,	131,	125,	124,	123,	107,	98,	91,	85,	80,	80,	83,	85,	89,	90,	81,	75,	93,	124,	136,	129,	104,	88,	91,	104,	154,	208,	220,	232,	229,	227,	224,	222,	221,	222,	219,	217,	213,	213,	209,	206,	204,	201,	192,	183,	186,	195,	181,	137,	96,	77,	64,	52,	72,	77,	86,	93,	105,	124,	121,	97,	82,	103,	119,	47,	45,	47,	46,	50,	47,	47,	47,	47,	
79,	151,	191,	202,	202,	181,	168,	167,	163,	164,	166,	171,	174,	176,	174,	172,	169,	163,	166,	148,	120,	112,	126,	155,	162,	158,	149,	141,	133,	130,	131,	134,	127,	119,	112,	105,	98,	97,	100,	100,	96,	98,	90,	82,	96,	121,	127,	117,	90,	76,	84,	102,	151,	205,	221,	236,	232,	229,	226,	224,	223,	222,	219,	218,	215,	213,	211,	208,	206,	203,	196,	189,	191,	202,	211,	195,	162,	129,	90,	49,	55,	61,	68,	72,	83,	102,	112,	110,	101,	111,	113,	52,	45,	48,	45,	46,	47,	47,	47,	47,	
81,	152,	192,	204,	203,	183,	169,	167,	161,	162,	165,	169,	173,	174,	172,	171,	168,	163,	165,	147,	118,	108,	121,	150,	157,	154,	148,	140,	135,	133,	135,	139,	136,	130,	127,	123,	119,	119,	116,	109,	99,	99,	96,	96,	110,	126,	129,	119,	101,	88,	102,	118,	159,	209,	226,	241,	234,	231,	228,	225,	224,	222,	220,	217,	216,	215,	213,	209,	207,	206,	200,	194,	204,	209,	220,	222,	204,	184,	150,	110,	63,	48,	47,	70,	93,	97,	97,	104,	82,	83,	84,	47,	43,	50,	48,	48,	47,	47,	47,	47,	
81,	152,	192,	203,	203,	183,	168,	166,	163,	164,	166,	171,	174,	176,	174,	172,	172,	167,	168,	149,	119,	109,	123,	153,	157,	155,	151,	145,	139,	137,	135,	136,	132,	129,	129,	130,	128,	126,	118,	108,	101,	97,	93,	100,	117,	133,	137,	133,	112,	101,	118,	129,	163,	211,	227,	239,	235,	232,	229,	226,	224,	222,	220,	218,	216,	215,	214,	210,	208,	207,	203,	198,	207,	210,	219,	221,	212,	206,	193,	173,	133,	80,	45,	66,	99,	95,	85,	94,	70,	62,	60,	45,	42,	49,	47,	47,	47,	47,	47,	47,	
81,	152,	192,	204,	204,	183,	168,	166,	163,	163,	167,	171,	174,	176,	175,	173,	173,	167,	168,	146,	117,	108,	126,	157,	159,	157,	155,	151,	146,	139,	132,	130,	129,	130,	133,	134,	131,	128,	120,	107,	102,	99,	96,	98,	114,	133,	138,	132,	111,	103,	120,	130,	163,	212,	229,	235,	235,	232,	229,	226,	224,	222,	220,	218,	216,	216,	214,	210,	209,	208,	205,	201,	205,	212,	220,	220,	213,	206,	199,	192,	181,	132,	68,	47,	69,	84,	85,	95,	79,	59,	48,	50,	44,	48,	45,	46,	47,	47,	47,	47,	
81,	152,	192,	204,	204,	184,	167,	165,	160,	161,	163,	168,	173,	174,	172,	171,	170,	163,	163,	141,	111,	104,	124,	157,	158,	156,	155,	154,	149,	142,	132,	126,	132,	133,	136,	136,	132,	129,	121,	110,	104,	105,	99,	95,	108,	128,	131,	119,	108,	101,	118,	130,	165,	220,	235,	238,	234,	233,	229,	226,	224,	222,	220,	219,	217,	218,	215,	210,	209,	207,	205,	200,	209,	216,	220,	218,	213,	202,	191,	188,	181,	167,	100,	28,	23,	55,	70,	71,	78,	52,	38,	49,	44,	48,	45,	49,	47,	47,	47,	47,	
83,	150,	194,	202,	204,	186,	164,	162,	157,	157,	160,	163,	166,	168,	167,	167,	164,	162,	157,	139,	110,	102,	125,	152,	158,	155,	152,	150,	146,	141,	135,	133,	129,	132,	134,	135,	133,	128,	121,	113,	105,	101,	95,	96,	105,	113,	114,	108,	102,	110,	117,	136,	187,	225,	231,	241,	240,	239,	234,	228,	224,	223,	221,	218,	220,	217,	213,	210,	206,	202,	204,	210,	212,	206,	189,	172,	168,	172,	170,	161,	157,	139,	95,	34,	11,	16,	24,	44,	62,	52,	47,	48,	46,	45,	48,	48,	47,	47,	47,	47,	
125,	171,	197,	199,	200,	180,	158,	157,	158,	158,	159,	161,	162,	162,	162,	161,	158,	158,	156,	137,	107,	99,	123,	151,	155,	152,	148,	146,	143,	139,	136,	134,	134,	136,	137,	138,	135,	130,	123,	116,	102,	98,	93,	93,	98,	104,	105,	100,	99,	104,	114,	142,	198,	235,	240,	246,	238,	237,	231,	228,	223,	218,	215,	215,	215,	210,	206,	203,	199,	193,	188,	188,	204,	203,	190,	162,	131,	117,	124,	135,	130,	111,	68,	17,	6,	14,	10,	15,	31,	29,	36,	45,	49,	47,	47,	45,	47,	47,	47,	47,	
195,	212,	215,	209,	202,	177,	153,	154,	159,	158,	157,	157,	158,	158,	158,	157,	157,	159,	158,	139,	107,	98,	122,	150,	151,	147,	143,	142,	140,	137,	135,	135,	133,	136,	138,	136,	130,	125,	118,	113,	109,	105,	100,	97,	98,	99,	98,	95,	102,	109,	121,	158,	209,	234,	236,	239,	235,	228,	221,	218,	213,	206,	202,	203,	204,	200,	196,	195,	193,	186,	178,	171,	190,	203,	215,	210,	179,	145,	132,	136,	139,	135,	106,	48,	15,	10,	5,	10,	6,	9,	24,	42,	49,	47,	47,	46,	47,	47,	47,	47,	
226,	227,	222,	213,	199,	172,	154,	159,	161,	160,	158,	158,	158,	158,	158,	158,	155,	157,	155,	137,	107,	98,	120,	144,	148,	144,	141,	139,	138,	136,	136,	137,	135,	138,	139,	135,	129,	123,	119,	114,	110,	108,	104,	98,	94,	92,	90,	87,	91,	106,	126,	173,	219,	234,	237,	238,	229,	216,	205,	201,	198,	191,	188,	189,	186,	184,	183,	181,	179,	173,	164,	157,	162,	174,	196,	213,	211,	185,	151,	129,	140,	138,	111,	51,	10,	5,	4,	11,	5,	6,	22,	40,	47,	46,	47,	49,	47,	47,	47,	47,	
208,	207,	202,	191,	168,	138,	124,	129,	133,	131,	129,	129,	130,	131,	131,	131,	132,	132,	129,	113,	89,	84,	102,	121,	130,	125,	122,	120,	120,	119,	119,	121,	125,	128,	129,	124,	118,	113,	109,	105,	101,	100,	98,	93,	88,	85,	83,	81,	85,	98,	119,	175,	223,	235,	235,	226,	214,	201,	189,	184,	182,	178,	177,	176,	171,	173,	176,	176,	176,	174,	170,	167,	156,	158,	163,	180,	203,	216,	205,	185,	148,	119,	73,	21,	6,	10,	5,	3,	12,	12,	25,	41,	47,	45,	47,	49,	47,	47,	47,	47,	
164,	167,	169,	161,	139,	116,	106,	105,	101,	100,	98,	98,	99,	100,	100,	100,	102,	101,	98,	81,	62,	59,	76,	93,	95,	91,	87,	86,	85,	84,	85,	86,	91,	93,	93,	89,	84,	82,	78,	74,	77,	77,	77,	73,	70,	68,	66,	64,	72,	80,	94,	155,	212,	226,	224,	202,	185,	182,	177,	173,	169,	167,	167,	168,	169,	171,	173,	171,	169,	166,	162,	157,	166,	167,	165,	167,	183,	205,	212,	205,	180,	135,	78,	27,	14,	25,	20,	16,	20,	16,	27,	44,	50,	46,	45,	46,	47,	47,	47,	47,	
147,	153,	163,	163,	154,	146,	140,	129,	121,	120,	120,	119,	121,	120,	121,	119,	112,	112,	107,	89,	67,	63,	81,	98,	94,	90,	88,	87,	85,	84,	84,	85,	85,	85,	84,	81,	79,	78,	74,	71,	69,	70,	69,	66,	63,	60,	57,	53,	54,	62,	69,	122,	171,	183,	186,	161,	143,	159,	169,	166,	159,	156,	158,	159,	159,	162,	166,	169,	171,	172,	166,	159,	156,	149,	132,	112,	95,	83,	71,	61,	53,	43,	42,	34,	32,	36,	30,	30,	31,	23,	29,	44,	50,	46,	45,	46,	47,	47,	47,	47,	
187,	190,	197,	194,	185,	180,	168,	147,	157,	156,	156,	155,	156,	156,	154,	153,	151,	153,	147,	125,	97,	91,	109,	127,	130,	126,	123,	121,	120,	118,	118,	118,	117,	117,	114,	112,	112,	112,	109,	105,	101,	101,	99,	95,	90,	86,	80,	75,	71,	79,	74,	104,	124,	119,	119,	92,	112,	140,	163,	162,	151,	148,	150,	151,	155,	153,	146,	138,	131,	120,	102,	86,	65,	49,	35,	30,	30,	28,	26,	26,	29,	20,	27,	30,	32,	41,	43,	49,	44,	30,	29,	41,	46,	45,	46,	49,	47,	47,	47,	47,	
180,	189,	194,	191,	181,	170,	159,	152,	154,	156,	158,	155,	154,	153,	153,	153,	147,	155,	152,	128,	101,	96,	115,	135,	136,	127,	123,	131,	141,	141,	134,	128,	130,	134,	131,	129,	131,	131,	127,	125,	130,	134,	120,	137,	107,	101,	102,	88,	90,	86,	101,	124,	123,	102,	74,	51,	73,	137,	183,	181,	162,	138,	119,	113,	92,	87,	80,	73,	65,	55,	43,	36,	27,	28,	28,	26,	24,	22,	21,	20,	31,	51,	71,	72,	56,	40,	33,	32,	24,	25,	34,	45,	46,	46,	48,	48,	47,	47,	47,	47,	
169,	176,	181,	177,	170,	163,	155,	150,	152,	154,	154,	152,	150,	151,	152,	152,	151,	150,	145,	129,	104,	93,	107,	128,	124,	132,	116,	123,	141,	134,	125,	120,	124,	131,	128,	122,	123,	125,	123,	121,	116,	115,	130,	132,	121,	110,	103,	87,	89,	83,	95,	118,	122,	104,	73,	45,	93,	121,	124,	98,	74,	55,	41,	37,	31,	33,	33,	32,	29,	27,	24,	23,	29,	28,	25,	25,	29,	37,	46,	52,	63,	51,	33,	16,	11,	11,	12,	12,	14,	17,	28,	42,	45,	46,	48,	47,	47,	47,	47,	47,	
156,	161,	164,	162,	158,	154,	151,	149,	150,	151,	151,	149,	148,	151,	152,	152,	151,	148,	142,	128,	103,	91,	108,	135,	134,	126,	125,	145,	139,	121,	132,	135,	143,	140,	129,	116,	102,	93,	97,	108,	99,	82,	105,	98,	119,	118,	119,	105,	87,	85,	98,	116,	117,	99,	73,	53,	29,	26,	10,	3,	12,	27,	37,	41,	47,	51,	55,	57,	59,	60,	64,	67,	58,	60,	63,	66,	69,	71,	71,	71,	63,	59,	55,	56,	59,	56,	40,	25,	25,	24,	33,	44,	46,	46,	47,	47,	47,	47,	47,	47,	
148,	152,	155,	155,	153,	150,	148,	147,	149,	150,	149,	147,	148,	150,	152,	151,	146,	147,	140,	121,	95,	90,	113,	142,	144,	118,	118,	128,	133,	131,	125,	120,	132,	110,	97,	107,	117,	104,	89,	89,	91,	105,	130,	123,	106,	76,	89,	103,	96,	95,	90,	72,	43,	20,	14,	18,	20,	41,	58,	65,	67,	64,	61,	64,	55,	55,	53,	49,	45,	42,	41,	42,	41,	39,	37,	35,	37,	40,	43,	45,	50,	51,	52,	55,	62,	68,	68,	65,	48,	43,	45,	49,	47,	45,	47,	46,	47,	47,	47,	47,	
147,	149,	151,	153,	152,	149,	145,	144,	147,	148,	147,	146,	147,	150,	151,	150,	144,	145,	138,	120,	103,	101,	115,	130,	113,	109,	102,	62,	74,	114,	108,	119,	100,	94,	88,	93,	101,	100,	99,	103,	105,	106,	75,	103,	97,	76,	79,	74,	92,	69,	40,	27,	35,	48,	56,	59,	73,	74,	75,	77,	77,	71,	65,	62,	63,	59,	56,	55,	55,	56,	55,	54,	54,	50,	45,	41,	38,	34,	31,	28,	27,	28,	26,	23,	21,	24,	29,	32,	43,	38,	41,	47,	47,	46,	47,	46,	47,	47,	47,	47,	
140,	140,	143,	146,	147,	144,	139,	137,	141,	142,	142,	142,	143,	145,	145,	143,	144,	139,	132,	127,	121,	116,	109,	104,	69,	37,	72,	95,	99,	111,	93,	84,	77,	91,	93,	85,	91,	98,	86,	67,	97,	101,	41,	70,	63,	51,	65,	62,	49,	57,	58,	56,	53,	47,	41,	40,	26,	30,	34,	34,	31,	34,	41,	49,	42,	40,	39,	43,	49,	53,	54,	54,	55,	57,	62,	67,	69,	66,	60,	54,	50,	48,	42,	35,	28,	25,	23,	20,	20,	19,	28,	40,	46,	47,	48,	46,	47,	47,	47,	47,	
127,	126,	128,	133,	135,	132,	130,	129,	132,	133,	134,	134,	136,	137,	135,	132,	123,	110,	109,	119,	119,	100,	82,	76,	67,	74,	87,	74,	54,	86,	112,	83,	61,	83,	88,	72,	62,	66,	69,	67,	65,	88,	57,	59,	56,	47,	70,	72,	77,	81,	71,	59,	57,	57,	59,	65,	75,	71,	69,	70,	71,	73,	70,	63,	75,	75,	72,	71,	69,	67,	65,	64,	70,	65,	61,	59,	60,	62,	62,	62,	63,	64,	65,	63,	60,	56,	48,	41,	29,	26,	31,	41,	46,	46,	48,	47,	47,	47,	47,	47,	
115,	113,	113,	119,	124,	123,	122,	123,	125,	127,	129,	129,	130,	131,	129,	125,	90,	75,	79,	100,	95,	65,	48,	56,	100,	129,	76,	64,	72,	36,	49,	80,	63,	68,	69,	66,	57,	47,	45,	54,	58,	69,	50,	23,	51,	59,	86,	81,	78,	68,	42,	28,	35,	50,	57,	62,	66,	69,	75,	75,	73,	79,	85,	83,	82,	85,	85,	83,	80,	78,	78,	79,	66,	64,	64,	65,	66,	65,	59,	56,	51,	54,	56,	54,	54,	55,	57,	57,	61,	51,	47,	48,	46,	45,	47,	46,	47,	47,	47,	47,	
101,	99,	107,	116,	120,	120,	117,	112,	119,	117,	126,	127,	108,	100,	105,	97,	51,	52,	66,	80,	77,	76,	54,	47,	43,	40,	47,	72,	27,	23,	30,	27,	37,	31,	42,	46,	41,	40,	42,	56,	48,	41,	45,	44,	37,	53,	69,	60,	60,	52,	41,	37,	38,	37,	36,	39,	34,	36,	36,	37,	39,	41,	41,	40,	41,	57,	53,	52,	57,	60,	69,	61,	37,	30,	31,	37,	31,	41,	45,	63,	67,	63,	51,	59,	49,	64,	56,	51,	45,	48,	48,	44,	47,	46,	39,	49,	47,	47,	47,	47,	
93,	95,	102,	111,	112,	113,	116,	116,	116,	114,	123,	65,	27,	51,	49,	49,	32,	22,	45,	38,	38,	37,	33,	46,	49,	42,	31,	34,	13,	13,	19,	16,	28,	36,	55,	46,	32,	42,	47,	40,	51,	38,	37,	43,	47,	55,	57,	43,	53,	48,	40,	43,	51,	50,	41,	33,	30,	34,	38,	43,	48,	51,	53,	52,	53,	32,	42,	28,	31,	40,	16,	38,	42,	42,	50,	38,	51,	42,	23,	22,	24,	30,	56,	57,	42,	47,	47,	58,	49,	48,	45,	40,	45,	51,	45,	46,	47,	47,	47,	47,	
96,	96,	103,	111,	112,	114,	114,	114,	111,	122,	128,	63,	34,	72,	69,	52,	55,	32,	44,	29,	13,	9,	19,	18,	29,	25,	18,	17,	32,	39,	47,	30,	29,	57,	59,	31,	35,	57,	55,	55,	45,	45,	47,	44,	38,	39,	48,	56,	50,	46,	35,	31,	40,	47,	45,	40,	43,	40,	37,	34,	34,	38,	41,	43,	48,	52,	50,	57,	45,	31,	37,	24,	20,	20,	7,	87,	195,	85,	4,	39,	16,	126,	118,	23,	51,	44,	29,	35,	41,	40,	41,	41,	43,	50,	52,	44,	47,	47,	47,	47,	
102,	98,	101,	108,	112,	113,	111,	106,	129,	112,	79,	61,	35,	29,	55,	63,	65,	85,	66,	67,	74,	67,	82,	88,	89,	90,	86,	56,	57,	48,	65,	46,	9,	18,	25,	15,	28,	56,	53,	43,	81,	68,	43,	26,	27,	33,	38,	41,	51,	52,	43,	31,	32,	41,	48,	52,	64,	66,	66,	63,	60,	58,	54,	50,	53,	49,	33,	29,	39,	27,	14,	39,	40,	46,	33,	142,	193,	74,	21,	22,	81,	211,	129,	20,	11,	44,	33,	24,	28,	27,	35,	47,	44,	43,	51,	45,	47,	47,	47,	47,	
90,	87,	89,	93,	94,	98,	104,	107,	69,	50,	13,	11,	26,	73,	147,	173,	180,	184,	182,	182,	156,	176,	176,	170,	190,	179,	178,	154,	145,	124,	123,	83,	37,	8,	9,	13,	13,	36,	50,	32,	57,	58,	44,	22,	16,	26,	36,	39,	38,	47,	47,	39,	35,	37,	37,	37,	42,	41,	38,	36,	38,	44,	51,	53,	49,	54,	53,	54,	39,	50,	65,	22,	22,	22,	54,	182,	155,	61,	16,	33,	180,	165,	61,	49,	0,	100,	81,	47,	32,	23,	25,	48,	49,	39,	50,	47,	47,	47,	47,	47,	
74,	75,	78,	77,	72,	79,	97,	112,	61,	32,	22,	47,	117,	189,	206,	199,	208,	194,	208,	170,	149,	171,	146,	171,	200,	192,	195,	185,	165,	155,	175,	167,	165,	116,	62,	26,	21,	25,	29,	47,	46,	53,	47,	24,	5,	8,	22,	28,	35,	41,	41,	38,	39,	36,	29,	25,	32,	34,	33,	29,	24,	21,	16,	14,	15,	27,	17,	32,	10,	41,	147,	136,	56,	11,	59,	193,	144,	56,	12,	119,	202,	127,	35,	11,	84,	202,	110,	11,	43,	30,	18,	42,	51,	41,	51,	47,	47,	47,	47,	47,	
80,	80,	83,	82,	78,	82,	97,	109,	81,	23,	26,	113,	194,	210,	197,	203,	192,	219,	180,	102,	183,	144,	103,	194,	205,	201,	191,	193,	163,	146,	155,	170,	162,	161,	130,	95,	90,	75,	55,	78,	29,	41,	63,	58,	26,	9,	17,	22,	37,	39,	38,	35,	35,	31,	28,	30,	26,	26,	24,	22,	21,	23,	24,	24,	23,	18,	22,	18,	29,	10,	22,	134,	136,	44,	89,	218,	146,	48,	51,	197,	183,	75,	21,	59,	203,	155,	39,	4,	30,	35,	22,	40,	50,	42,	52,	47,	47,	47,	47,	47,	
102,	98,	98,	101,	100,	100,	100,	99,	22,	43,	69,	158,	217,	216,	224,	207,	214,	218,	159,	95,	191,	104,	122,	173,	201,	209,	193,	191,	139,	109,	119,	168,	173,	158,	156,	121,	80,	100,	133,	138,	112,	61,	32,	31,	25,	28,	31,	22,	10,	19,	25,	25,	19,	13,	14,	19,	18,	21,	21,	20,	18,	18,	15,	15,	20,	11,	19,	8,	9,	23,	17,	32,	134,	152,	121,	151,	151,	118,	128,	182,	139,	41,	37,	184,	188,	59,	15,	24,	9,	36,	32,	42,	49,	41,	52,	47,	47,	47,	47,	47,	
88,	101,	96,	88,	88,	101,	109,	93,	51,	43,	100,	170,	214,	218,	206,	223,	215,	223,	146,	86,	167,	108,	141,	179,	204,	206,	179,	136,	131,	160,	48,	134,	197,	186,	182,	153,	109,	90,	104,	136,	150,	133,	109,	68,	36,	56,	88,	91,	69,	33,	30,	29,	23,	25,	20,	25,	26,	19,	20,	20,	11,	8,	12,	21,	16,	16,	15,	15,	16,	16,	17,	17,	36,	58,	84,	117,	148,	153,	157,	179,	140,	95,	173,	172,	111,	19,	21,	14,	6,	40,	28,	44,	47,	44,	46,	46,	47,	47,	47,	47,	
72,	69,	67,	74,	71,	77,	101,	105,	82,	37,	43,	155,	212,	207,	220,	200,	219,	204,	177,	145,	152,	158,	171,	212,	209,	208,	157,	180,	212,	138,	95,	102,	189,	203,	205,	177,	128,	97,	103,	122,	154,	137,	136,	140,	133,	128,	131,	130,	134,	88,	49,	33,	37,	26,	12,	25,	20,	21,	23,	25,	24,	31,	38,	38,	35,	33,	28,	23,	23,	26,	30,	34,	31,	39,	30,	19,	59,	148,	195,	181,	157,	169,	198,	142,	49,	17,	44,	22,	4,	33,	18,	45,	49,	42,	50,	44,	46,	47,	47,	47,	
69,	53,	48,	55,	48,	57,	84,	86,	98,	90,	62,	94,	164,	190,	193,	198,	211,	189,	198,	185,	196,	211,	203,	198,	192,	204,	162,	150,	194,	129,	187,	156,	179,	205,	211,	207,	159,	109,	114,	127,	149,	134,	133,	148,	155,	148,	143,	150,	160,	169,	123,	46,	29,	47,	40,	35,	29,	21,	24,	37,	42,	42,	46,	50,	41,	39,	34,	31,	31,	36,	41,	45,	54,	43,	41,	37,	29,	55,	127,	187,	186,	197,	172,	149,	80,	30,	17,	6,	32,	39,	16,	45,	42,	37,	54,	49,	47,	47,	47,	47,	
63,	51,	45,	45,	45,	73,	100,	78,	47,	59,	60,	53,	80,	137,	178,	199,	191,	205,	181,	169,	174,	175,	195,	193,	218,	197,	139,	127,	151,	132,	213,	174,	169,	182,	199,	215,	164,	104,	120,	129,	129,	139,	141,	140,	144,	137,	126,	127,	131,	140,	165,	140,	67,	37,	48,	48,	45,	50,	48,	38,	38,	53,	55,	43,	45,	45,	47,	48,	50,	53,	55,	56,	58,	50,	40,	41,	39,	17,	27,	69,	138,	179,	150,	126,	126,	110,	65,	37,	17,	6,	11,	50,	47,	47,	46,	44,	47,	47,	47,	47,	
54,	47,	42,	36,	37,	74,	105,	80,	52,	57,	41,	73,	82,	74,	137,	173,	206,	174,	98,	133,	114,	152,	163,	150,	165,	156,	94,	131,	118,	152,	218,	174,	163,	176,	204,	218,	155,	103,	132,	134,	119,	140,	142,	131,	133,	127,	115,	110,	108,	119,	114,	136,	149,	87,	31,	42,	46,	49,	65,	80,	78,	61,	48,	40,	44,	45,	49,	52,	54,	56,	56,	57,	45,	56,	53,	46,	46,	30,	15,	18,	43,	114,	150,	114,	126,	142,	119,	94,	33,	1,	18,	50,	45,	54,	37,	47,	47,	47,	47,	47,	
49,	40,	34,	33,	31,	59,	99,	100,	57,	54,	43,	58,	68,	46,	69,	136,	178,	101,	118,	157,	106,	156,	194,	188,	166,	143,	115,	149,	97,	166,	167,	141,	145,	173,	207,	197,	126,	102,	134,	124,	128,	131,	124,	119,	123,	122,	120,	123,	146,	148,	150,	150,	146,	148,	112,	30,	43,	56,	66,	65,	63,	65,	62,	51,	42,	42,	43,	44,	45,	47,	48,	50,	54,	41,	43,	51,	40,	26,	22,	21,	9,	33,	119,	144,	131,	122,	118,	115,	83,	28,	28,	46,	39,	52,	37,	54,	47,	47,	47,	47,	
39,	31,	26,	36,	44,	68,	116,	138,	90,	50,	85,	61,	27,	43,	46,	80,	127,	67,	157,	141,	80,	126,	185,	195,	183,	127,	139,	159,	71,	93,	83,	123,	155,	180,	195,	156,	101,	96,	110,	99,	94,	92,	91,	97,	98,	93,	90,	90,	80,	83,	102,	128,	141,	161,	139,	50,	52,	46,	50,	57,	53,	44,	45,	51,	42,	42,	43,	43,	45,	47,	49,	51,	55,	52,	51,	41,	26,	24,	24,	15,	16,	8,	66,	146,	145,	152,	145,	131,	96,	45,	20,	47,	48,	51,	44,	46,	47,	47,	47,	47,	
30,	25,	17,	26,	42,	68,	109,	130,	114,	92,	88,	71,	53,	42,	29,	41,	64,	63,	134,	113,	74,	155,	179,	189,	191,	146,	115,	121,	70,	85,	144,	158,	155,	161,	147,	90,	51,	47,	37,	29,	24,	25,	28,	25,	17,	13,	13,	13,	22,	26,	48,	91,	110,	120,	117,	66,	63,	56,	51,	48,	39,	33,	32,	33,	30,	32,	35,	37,	41,	44,	45,	47,	48,	50,	34,	22,	26,	19,	8,	12,	13,	2,	17,	146,	171,	180,	152,	136,	128,	78,	19,	47,	50,	43,	53,	44,	47,	47,	47,	47,	
56,	50,	44,	41,	42,	57,	86,	111,	120,	139,	126,	100,	103,	101,	56,	9,	15,	24,	44,	75,	62,	111,	156,	176,	170,	147,	128,	100,	138,	173,	167,	151,	141,	92,	54,	9,	8,	8,	6,	4,	2,	29,	29,	35,	34,	16,	17,	19,	19,	25,	27,	41,	84,	118,	96,	48,	40,	50,	49,	45,	54,	55,	49,	49,	38,	29,	21,	23,	25,	23,	21,	22,	23,	25,	30,	36,	31,	22,	20,	24,	7,	3,	21,	100,	171,	176,	177,	139,	130,	55,	16,	35,	52,	51,	49,	44,	47,	47,	47,	47,	
102,	95,	83,	66,	46,	35,	40,	50,	66,	101,	129,	142,	147,	119,	66,	25,	22,	25,	41,	51,	37,	65,	69,	95,	121,	110,	108,	119,	133,	118,	98,	96,	43,	11,	7,	3,	15,	10,	5,	11,	37,	36,	44,	34,	12,	10,	22,	39,	38,	32,	32,	39,	56,	70,	57,	30,	36,	42,	52,	56,	55,	55,	53,	48,	46,	39,	34,	35,	37,	34,	34,	35,	43,	40,	34,	33,	38,	43,	41,	35,	48,	19,	35,	68,	108,	137,	130,	100,	40,	31,	33,	46,	51,	44,	45,	53,	46,	47,	47,	47,	
144,	134,	115,	86,	50,	21,	12,	13,	13,	52,	99,	119,	110,	84,	75,	89,	72,	71,	69,	53,	58,	81,	37,	31,	15,	27,	35,	44,	37,	43,	30,	7,	5,	6,	18,	9,	17,	18,	18,	17,	22,	15,	17,	14,	45,	83,	69,	61,	53,	24,	23,	44,	42,	27,	23,	23,	29,	29,	45,	56,	49,	49,	54,	48,	54,	50,	47,	47,	46,	43,	43,	45,	39,	51,	55,	49,	47,	54,	56,	52,	32,	22,	7,	30,	22,	92,	65,	20,	44,	68,	69,	54,	48,	48,	45,	44,	47,	47,	47,	47,	
150,	138,	115,	84,	49,	25,	19,	22,	50,	86,	127,	149,	141,	112,	88,	83,	108,	94,	94,	102,	104,	82,	34,	26,	41,	26,	11,	9,	4,	15,	9,	13,	11,	13,	19,	13,	36,	39,	30,	13,	14,	25,	49,	53,	57,	61,	52,	55,	42,	45,	59,	52,	21,	12,	23,	23,	25,	23,	33,	45,	46,	49,	55,	57,	57,	55,	51,	48,	44,	41,	43,	46,	51,	55,	58,	62,	67,	63,	44,	21,	10,	6,	26,	54,	83,	66,	99,	69,	91,	55,	27,	35,	50,	49,	43,	51,	47,	47,	47,	47,	
138,	125,	100,	69,	39,	24,	23,	29,	75,	115,	149,	160,	161,	156,	138,	122,	116,	124,	119,	104,	78,	59,	75,	69,	42,	32,	32,	31,	48,	52,	21,	45,	21,	20,	29,	37,	58,	41,	36,	33,	34,	22,	41,	83,	69,	38,	51,	63,	79,	51,	49,	56,	35,	12,	11,	18,	22,	23,	23,	34,	49,	53,	52,	60,	54,	52,	48,	43,	40,	40,	44,	49,	62,	64,	70,	72,	63,	40,	17,	6,	19,	20,	36,	68,	112,	84,	93,	60,	22,	21,	33,	45,	44,	46,	48,	43,	47,	47,	47,	47,	
122,	113,	94,	67,	40,	26,	24,	26,	56,	98,	130,	129,	132,	154,	172,	173,	171,	143,	111,	96,	68,	52,	109,	113,	79,	35,	86,	85,	46,	48,	64,	26,	52,	58,	49,	45,	79,	84,	82,	61,	64,	65,	38,	63,	96,	78,	69,	68,	70,	59,	46,	32,	15,	7,	9,	15,	17,	21,	18,	27,	48,	49,	41,	47,	49,	47,	43,	40,	40,	45,	51,	56,	56,	67,	77,	68,	40,	15,	12,	24,	24,	10,	2,	56,	48,	52,	14,	41,	38,	17,	24,	45,	46,	44,	50,	47,	47,	47,	47,	47,	
115,	115,	110,	96,	83,	74,	73,	74,	82,	86,	82,	67,	65,	85,	101,	103,	103,	98,	103,	105,	121,	129,	142,	85,	87,	98,	104,	85,	103,	39,	48,	55,	44,	73,	77,	73,	101,	110,	131,	127,	79,	113,	93,	69,	85,	84,	77,	93,	71,	60,	38,	20,	15,	10,	12,	23,	28,	30,	28,	32,	41,	45,	42,	39,	43,	41,	39,	38,	41,	48,	54,	57,	63,	63,	57,	46,	34,	24,	21,	21,	0,	9,	37,	53,	76,	82,	49,	15,	25,	26,	32,	35,	39,	48,	53,	45,	47,	47,	47,	47,	
118,	126,	135,	138,	139,	142,	147,	151,	144,	138,	128,	109,	86,	80,	92,	104,	106,	90,	96,	81,	113,	139,	141,	88,	89,	138,	126,	74,	104,	65,	118,	83,	57,	62,	81,	123,	151,	116,	135,	172,	135,	80,	79,	81,	73,	90,	97,	95,	63,	94,	78,	26,	8,	18,	26,	30,	53,	46,	46,	44,	41,	50,	56,	46,	41,	39,	37,	36,	41,	47,	51,	54,	66,	70,	62,	44,	28,	21,	14,	8,	39,	75,	81,	71,	67,	65,	68,	12,	20,	22,	28,	40,	51,	45,	42,	52,	47,	47,	47,	47,	
127,	131,	135,	141,	154,	170,	185,	192,	188,	190,	177,	154,	120,	75,	64,	93,	97,	111,	93,	87,	124,	134,	99,	73,	122,	131,	134,	111,	90,	108,	133,	131,	82,	95,	114,	121,	111,	110,	131,	154,	135,	88,	63,	62,	74,	91,	108,	131,	106,	117,	113,	84,	44,	23,	29,	43,	52,	66,	65,	42,	25,	24,	25,	21,	26,	37,	46,	32,	28,	43,	51,	58,	57,	53,	48,	12,	40,	75,	63,	84,	108,	122,	124,	32,	56,	52,	31,	16,	24,	23,	32,	42,	43,	46,	50,	48,	47,	47,	47,	47,	
119,	124,	129,	132,	142,	158,	171,	175,	177,	176,	168,	151,	114,	65,	41,	49,	70,	89,	87,	84,	107,	120,	114,	114,	135,	135,	134,	120,	104,	114,	129,	125,	115,	119,	121,	109,	85,	74,	87,	105,	91,	78,	81,	81,	76,	71,	83,	113,	137,	132,	133,	125,	93,	44,	13,	7,	39,	50,	49,	29,	14,	18,	26,	29,	41,	18,	21,	30,	35,	41,	34,	27,	4,	21,	39,	97,	92,	74,	99,	133,	140,	151,	89,	31,	43,	35,	16,	17,	34,	20,	23,	41,	48,	49,	48,	45,	47,	47,	47,	47,	
111,	116,	118,	117,	123,	132,	128,	118,	110,	105,	109,	110,	89,	58,	39,	33,	42,	59,	72,	77,	87,	102,	120,	133,	129,	122,	126,	129,	121,	120,	120,	112,	117,	116,	109,	85,	54,	39,	47,	59,	63,	64,	66,	53,	38,	30,	52,	104,	126,	143,	147,	130,	120,	112,	88,	58,	10,	26,	31,	21,	23,	36,	36,	24,	27,	28,	27,	17,	24,	32,	25,	27,	93,	116,	138,	85,	100,	142,	155,	139,	175,	158,	43,	29,	20,	20,	22,	41,	25,	8,	14,	39,	49,	47,	48,	51,	47,	47,	47,	47,	
119,	123,	119,	114,	117,	122,	110,	91,	73,	55,	53,	56,	46,	38,	31,	23,	25,	32,	46,	57,	63,	80,	97,	98,	85,	70,	68,	76,	74,	71,	71,	69,	80,	83,	82,	67,	45,	36,	40,	44,	65,	71,	71,	59,	51,	40,	50,	96,	118,	124,	125,	116,	108,	112,	125,	134,	120,	74,	28,	17,	22,	23,	23,	26,	29,	37,	36,	39,	49,	23,	40,	136,	162,	130,	74,	133,	180,	157,	120,	172,	155,	80,	4,	39,	2,	10,	40,	27,	18,	12,	26,	45,	47,	42,	48,	54,	47,	47,	47,	47,	
120,	128,	125,	115,	113,	119,	116,	108,	65,	37,	24,	21,	17,	24,	27,	18,	21,	20,	28,	35,	41,	61,	73,	60,	35,	34,	47,	74,	82,	76,	71,	71,	87,	98,	107,	103,	93,	87,	80,	71,	59,	65,	66,	60,	60,	45,	37,	64,	90,	105,	110,	92,	72,	77,	105,	131,	169,	192,	182,	117,	44,	14,	19,	30,	31,	41,	36,	41,	54,	35,	60,	159,	95,	60,	166,	190,	113,	110,	185,	144,	102,	46,	0,	30,	52,	32,	13,	13,	24,	27,	42,	52,	47,	43,	45,	46,	47,	47,	47,	47,	
99,	119,	133,	129,	120,	118,	118,	115,	113,	87,	63,	51,	47,	62,	71,	59,	39,	27,	27,	30,	35,	54,	69,	64,	62,	70,	93,	122,	135,	137,	139,	143,	140,	151,	161,	159,	152,	144,	124,	102,	72,	69,	67,	60,	56,	44,	35,	54,	68,	104,	118,	90,	68,	84,	112,	125,	154,	194,	230,	233,	205,	153,	85,	31,	31,	39,	45,	41,	47,	49,	35,	32,	79,	177,	171,	102,	128,	196,	133,	106,	130,	36,	18,	33,	43,	43,	49,	18,	17,	19,	33,	44,	47,	49,	48,	42,	47,	47,	47,	47,	
73,	96,	120,	132,	133,	130,	127,	124,	124,	109,	90,	78,	85,	108,	120,	114,	70,	41,	28,	31,	34,	44,	64,	79,	86,	102,	126,	148,	159,	158,	154,	151,	163,	171,	174,	171,	168,	163,	140,	110,	66,	60,	63,	60,	54,	44,	31,	36,	84,	102,	121,	119,	95,	86,	111,	147,	150,	178,	198,	203,	205,	201,	167,	126,	76,	47,	38,	36,	36,	46,	48,	49,	177,	148,	77,	136,	185,	102,	124,	160,	84,	43,	36,	35,	42,	37,	34,	10,	10,	7,	17,	36,	45,	47,	47,	46,	47,	47,	47,	47,	
44,	56,	76,	99,	120,	135,	139,	138,	136,	126,	104,	86,	91,	109,	117,	113,	85,	42,	21,	26,	31,	31,	50,	77,	78,	93,	112,	129,	144,	155,	162,	164,	163,	167,	167,	163,	166,	169,	150,	120,	66,	50,	50,	49,	45,	42,	32,	33,	62,	100,	128,	115,	90,	90,	115,	138,	149,	156,	173,	184,	172,	144,	127,	126,	129,	122,	100,	52,	21,	25,	34,	45,	94,	35,	67,	150,	59,	38,	121,	38,	30,	51,	36,	21,	28,	19,	15,	18,	18,	10,	19,	43,	48,	42,	43,	49,	46,	47,	47,	47,	
30,	31,	37,	54,	82,	109,	128,	135,	131,	118,	93,	69,	57,	59,	60,	57,	41,	30,	21,	19,	23,	31,	40,	45,	51,	73,	101,	122,	138,	147,	156,	167,	169,	171,	169,	168,	174,	174,	159,	138,	100,	67,	40,	40,	44,	36,	31,	36,	63,	100,	129,	124,	105,	99,	118,	142,	150,	154,	161,	158,	146,	136,	131,	127,	124,	139,	149,	135,	95,	49,	19,	10,	1,	10,	17,	14,	28,	39,	30,	13,	36,	42,	46,	40,	28,	18,	13,	11,	15,	13,	19,	41,	54,	46,	47,	42,	47,	43,	48,	47,	
24,	24,	26,	38,	61,	83,	92,	94,	89,	79,	60,	40,	34,	38,	44,	42,	36,	26,	18,	15,	18,	22,	30,	34,	44,	74,	112,	138,	147,	147,	146,	151,	160,	162,	165,	167,	166,	165,	164,	161,	135,	101,	63,	43,	37,	35,	35,	39,	60,	97,	125,	125,	111,	105,	119,	139,	148,	152,	160,	163,	156,	151,	148,	146,	150,	131,	119,	130,	146,	143,	117,	93,	87,	62,	54,	67,	77,	76,	46,	3,	17,	22,	26,	32,	35,	33,	30,	27,	26,	7,	16,	44,	53,	39,	47,	43,	48,	45,	48,	46,	
22,	18,	18,	27,	49,	67,	74,	72,	56,	48,	36,	22,	19,	28,	36,	40,	42,	35,	27,	21,	16,	16,	19,	22,	29,	65,	113,	146,	156,	150,	144,	144,	144,	145,	153,	161,	161,	154,	153,	158,	151,	129,	94,	59,	37,	33,	40,	49,	66,	93,	112,	109,	98,	100,	115,	134,	138,	141,	149,	155,	154,	153,	151,	148,	132,	126,	124,	127,	130,	132,	139,	146,	149,	138,	150,	158,	155,	155,	96,	3,	3,	7,	13,	18,	17,	12,	7,	7,	12,	11,	26,	41,	54,	42,	53,	47,	46,	48,	47,	47,	
26,	17,	11,	14,	28,	45,	52,	51,	50,	51,	50,	43,	36,	35,	34,	33,	42,	38,	34,	27,	20,	16,	19,	22,	25,	56,	101,	133,	149,	148,	146,	149,	139,	134,	133,	137,	139,	137,	133,	132,	132,	128,	112,	85,	54,	39,	47,	62,	80,	95,	98,	86,	75,	80,	100,	122,	124,	124,	130,	136,	138,	138,	136,	130,	122,	105,	95,	107,	125,	133,	134,	134,	135,	136,	149,	141,	135,	159,	143,	74,	9,	15,	20,	19,	17,	34,	66,	94,	118,	135,	116,	54,	46,	38,	50,	32,	42,	49,	46,	47,	
29,	20,	13,	11,	17,	24,	26,	25,	33,	43,	54,	60,	60,	56,	49,	46,	41,	38,	33,	25,	20,	21,	29,	39,	44,	62,	83,	100,	112,	116,	119,	122,	125,	117,	103,	91,	92,	101,	105,	100,	94,	95,	97,	89,	66,	45,	45,	59,	81,	90,	88,	72,	60,	60,	75,	92,	98,	97,	101,	108,	110,	112,	111,	105,	95,	78,	76,	98,	124,	135,	135,	135,	132,	125,	134,	146,	144,	148,	154,	152,	138,	121,	105,	106,	124,	145,	155,	156,	134,	150,	132,	46,	39,	60,	93,	52,	41,	51,	44,	48,	
36,	34,	31,	30,	32,	36,	37,	34,	33,	37,	42,	48,	51,	54,	59,	61,	60,	54,	44,	32,	26,	29,	41,	54,	68,	70,	66,	64,	66,	66,	66,	69,	81,	82,	73,	56,	50,	58,	62,	59,	60,	54,	55,	61,	54,	37,	32,	36,	52,	63,	67,	60,	52,	46,	46,	49,	53,	52,	56,	62,	64,	67,	68,	63,	55,	40,	45,	78,	112,	126,	127,	128,	142,	138,	137,	141,	145,	143,	142,	146,	143,	147,	150,	151,	147,	141,	135,	131,	136,	128,	127,	55,	45,	72,	115,	46,	48,	58,	43,	47,	
36,	41,	45,	44,	44,	48,	51,	53,	55,	49,	42,	38,	36,	37,	41,	46,	64,	60,	54,	46,	43,	45,	54,	64,	77,	74,	65,	56,	53,	49,	45,	47,	50,	56,	57,	49,	42,	38,	38,	37,	43,	40,	38,	39,	39,	32,	26,	25,	28,	37,	44,	47,	51,	48,	38,	32,	26,	24,	26,	28,	28,	29,	28,	24,	15,	9,	23,	68,	107,	123,	128,	134,	124,	136,	136,	130,	137,	148,	144,	133,	137,	141,	144,	143,	139,	136,	135,	136,	142,	129,	121,	40,	38,	60,	105,	44,	60,	68,	44,	47,	
30,	34,	36,	32,	30,	31,	36,	40,	44,	44,	46,	48,	47,	42,	38,	38,	38,	43,	48,	52,	56,	60,	67,	72,	78,	78,	74,	70,	69,	66,	63,	64,	59,	56,	54,	55,	50,	42,	41,	45,	45,	50,	50,	42,	36,	37,	36,	33,	26,	29,	34,	42,	56,	60,	51,	43,	31,	27,	27,	25,	20,	17,	15,	10,	10,	4,	21,	68,	109,	121,	121,	123,	132,	129,	134,	140,	139,	136,	141,	149,	145,	142,	140,	140,	141,	139,	136,	133,	119,	140,	129,	35,	51,	59,	88,	43,	70,	76,	46,	46,	
26,	24,	23,	23,	21,	19,	23,	29,	27,	28,	31,	37,	40,	40,	44,	49,	49,	44,	43,	44,	46,	50,	58,	67,	75,	75,	73,	71,	73,	76,	76,	75,	76,	71,	61,	51,	44,	43,	47,	51,	54,	58,	60,	60,	58,	52,	45,	39,	36,	40,	47,	53,	56,	59,	59,	54,	48,	46,	41,	38,	34,	28,	21,	16,	11,	5,	21,	71,	106,	116,	119,	124,	128,	131,	135,	135,	134,	135,	139,	143,	143,	142,	140,	140,	142,	143,	137,	131,	117,	132,	125,	42,	42,	61,	97,	44,	63,	72,	43,	49,	
23,	24,	24,	25,	23,	20,	19,	20,	22,	21,	24,	34,	42,	41,	35,	30,	42,	42,	44,	49,	48,	47,	49,	55,	57,	60,	62,	64,	66,	72,	77,	79,	82,	81,	77,	69,	59,	50,	45,	43,	45,	52,	61,	67,	69,	67,	64,	62,	55,	54,	54,	51,	49,	54,	63,	66,	67,	62,	58,	53,	50,	45,	40,	34,	22,	14,	29,	74,	106,	116,	119,	123,	125,	128,	132,	134,	133,	133,	136,	140,	142,	140,	138,	138,	141,	141,	136,	131,	132,	131,	120,	47,	45,	49,	81,	39,	64,	73,	44,	49,	
28,	31,	35,	37,	39,	38,	30,	23,	18,	19,	26,	37,	44,	44,	38,	34,	37,	35,	37,	39,	39,	40,	47,	54,	54,	57,	59,	57,	58,	63,	73,	79,	81,	85,	89,	84,	75,	63,	56,	55,	54,	56,	58,	58,	57,	58,	63,	69,	73,	75,	76,	71,	60,	58,	60,	60,	65,	64,	61,	59,	61,	62,	62,	61,	44,	33,	46,	82,	108,	115,	115,	116,	122,	126,	130,	133,	132,	131,	133,	136,	140,	139,	136,	134,	137,	139,	136,	132,	129,	125,	115,	47,	48,	52,	84,	44,	66,	75,	44,	48,	
26,	29,	34,	37,	44,	47,	40,	30,	20,	27,	37,	41,	42,	43,	52,	58,	54,	43,	33,	28,	27,	32,	46,	59,	60,	61,	57,	48,	42,	44,	49,	54,	64,	68,	74,	75,	71,	68,	69,	71,	73,	73,	72,	68,	62,	61,	65,	72,	80,	85,	90,	88,	78,	73,	69,	64,	56,	53,	51,	49,	51,	53,	55,	56,	52,	45,	58,	88,	109,	115,	115,	115,	120,	123,	128,	132,	132,	131,	132,	132,	137,	136,	133,	133,	134,	137,	135,	132,	122,	125,	115,	42,	47,	62,	95,	46,	68,	76,	44,	48,	
27,	29,	30,	33,	42,	50,	49,	42,	30,	39,	46,	45,	40,	44,	59,	72,	66,	50,	33,	25,	22,	26,	35,	46,	62,	62,	57,	47,	37,	34,	30,	28,	27,	30,	35,	37,	41,	44,	48,	52,	69,	77,	90,	102,	105,	104,	104,	109,	108,	109,	109,	110,	109,	114,	117,	116,	106,	101,	91,	82,	74,	68,	65,	63,	59,	58,	72,	97,	113,	119,	120,	119,	118,	122,	127,	131,	132,	132,	131,	130,	135,	133,	131,	130,	132,	134,	133,	131,	129,	130,	118,	43,	46,	59,	89,	39,	68,	76,	44,	48,	
32,	31,	29,	30,	38,	47,	52,	51,	52,	55,	57,	55,	54,	57,	62,	67,	60,	52,	45,	40,	40,	41,	48,	55,	69,	67,	63,	61,	60,	54,	46,	36,	25,	26,	28,	34,	39,	40,	40,	38,	42,	56,	79,	105,	123,	133,	141,	149,	135,	134,	133,	133,	134,	140,	146,	145,	147,	141,	130,	118,	106,	97,	91,	89,	94,	95,	104,	116,	120,	119,	118,	115,	115,	119,	125,	129,	131,	130,	129,	129,	131,	130,	129,	127,	128,	131,	130,	128,	130,	124,	112,	46,	48,	52,	83,	42,	66,	75,	44,	48,	
26,	24,	23,	26,	31,	37,	46,	53,	65,	66,	64,	62,	61,	62,	60,	57,	57,	58,	59,	59,	59,	61,	70,	81,	77,	67,	58,	59,	68,	74,	66,	57,	52,	50,	52,	60,	70,	73,	68,	62,	37,	45,	63,	86,	103,	113,	122,	129,	136,	137,	143,	144,	143,	145,	148,	146,	148,	146,	140,	135,	128,	123,	120,	119,	121,	123,	127,	127,	118,	114,	111,	109,	113,	116,	121,	125,	127,	128,	127,	126,	126,	126,	125,	124,	125,	127,	126,	124,	122,	121,	112,	44,	47,	56,	89,	47,	64,	73,	44,	49,	
27,	25,	26,	32,	36,	39,	50,	62,	64,	65,	64,	58,	55,	55,	54,	52,	49,	50,	50,	45,	40,	42,	56,	72,	71,	52,	34,	34,	50,	66,	65,	57,	53,	49,	49,	59,	77,	84,	80,	72,	51,	55,	68,	82,	89,	85,	79,	79,	86,	90,	97,	99,	99,	105,	114,	118,	120,	119,	118,	118,	116,	115,	114,	115,	114,	119,	122,	118,	109,	105,	109,	109,	110,	113,	119,	123,	125,	127,	126,	125,	125,	124,	124,	122,	123,	124,	123,	120,	121,	132,	123,	41,	42,	61,	94,	40,	63,	72,	43,	49,	
31,	39,	53,	58,	54,	52,	58,	61,	59,	55,	51,	50,	51,	49,	49,	50,	45,	40,	37,	34,	29,	31,	44,	53,	53,	31,	25,	31,	59,	92,	96,	93,	82,	88,	87,	95,	105,	113,	119,	111,	91,	91,	99,	106,	100,	90,	83,	80,	77,	72,	61,	61,	60,	65,	77,	70,	69,	67,	81,	97,	100,	98,	96,	91,	84,	88,	91,	98,	104,	106,	104,	106,	107,	112,	117,	119,	121,	123,	125,	124,	121,	120,	118,	119,	122,	123,	122,	120,	116,	128,	125,	43,	42,	61,	65,	44,	60,	56,	50,	47,	
54,	55,	57,	55,	47,	46,	51,	52,	52,	46,	43,	42,	43,	42,	42,	41,	39,	39,	40,	39,	36,	39,	42,	41,	30,	21,	23,	27,	47,	78,	93,	100,	105,	112,	112,	121,	130,	137,	144,	136,	127,	123,	127,	133,	128,	118,	110,	107,	110,	106,	93,	90,	87,	92,	99,	86,	66,	70,	93,	118,	125,	124,	121,	115,	110,	109,	104,	103,	108,	105,	103,	103,	106,	111,	116,	118,	119,	122,	122,	122,	121,	119,	117,	117,	120,	120,	118,	117,	115,	119,	116,	43,	43,	52,	54,	43,	50,	48,	45,	45,	
49,	43,	38,	34,	33,	40,	48,	49,	42,	37,	33,	32,	32,	31,	31,	31,	37,	42,	48,	52,	61,	74,	74,	62,	46,	31,	30,	28,	32,	51,	62,	67,	61,	64,	65,	84,	105,	121,	125,	110,	95,	90,	96,	110,	114,	110,	107,	104,	112,	110,	97,	88,	86,	94,	98,	76,	56,	62,	86,	113,	122,	122,	118,	112,	115,	108,	98,	97,	104,	106,	104,	104,	107,	111,	114,	115,	118,	119,	120,	119,	119,	117,	114,	114,	116,	117,	115,	112,	113,	111,	108,	44,	45,	44,	46,	45,	44,	43,	44,	45,	
31,	23,	18,	19,	25,	39,	49,	48,	34,	31,	28,	27,	27,	27,	26,	27,	29,	37,	46,	56,	83,	119,	128,	113,	61,	37,	31,	27,	30,	45,	48,	46,	28,	25,	27,	63,	110,	143,	148,	122,	78,	73,	85,	108,	122,	125,	123,	121,	109,	108,	93,	81,	81,	94,	98,	71,	41,	41,	58,	77,	81,	80,	79,	76,	72,	65,	61,	69,	89,	102,	107,	109,	108,	110,	113,	114,	116,	118,	119,	117,	118,	116,	113,	113,	115,	114,	111,	109,	113,	111,	108,	45,	48,	45,	44,	45,	46,	47,	47,	48,	
